11100000100000000000000000000000
11100000010000000001111000101101
01000001111110000000000000100100
11100000110000000000000000000000
11100001000000000000000001000000
01000001111110000000000001011000
11100000100000000011110001011010
01000001111110000000000001101000
01000001111110000000000010000100
01100000000100000000000000000000
10000100000000000000000000000100
10010010000000000000000000000000
10010010000000000000000000000001
10010010000000000000000000000010
10010010000000000000000000000011
10010010000000000000000000000100
10010010000000000000000000000101
10010010000000000000000000000110
10010010000000000000000000000111
00010000100100000000000001000000
00110000000100010000000000000000
01011000001110000000000000100100
10100000110110000000000000000000
00010000110110000000000000000000
00110000000111000000000000000000
01011000001110000000000001011000
01100000000010000000000000000000
10000100000000000000000000000100
11000110000000000000000000000000
01110010000010000000000000000000
00010000010010000000000000000000
00110000000100010000000000000000
01011000001110000000000001101000
11110000000000000000000000000000
00000000000000000000000000000000
00000000000000000000000000000000
00000000000000000000000000000000
00000000000000000000000000000000
00000000000000000000000000000000
00000000000000000000000000000000
00000000000000000000000000000000
00000000000000000000000000000000
00000000000000000000000000000000
00000000000000000000000000000000
00000000000000000000000000000000
00000000000000000000000000000000
00000000000000000000000000000000
00000000000000000000000000000000
00000000000000000000000000000000
00000000000000000000000000000000
00000000000000000000000000000000
00000000000000000000000000000000
00000000000000000000000000000000
00000000000000000000000000000000
00000000000000000000000000000000
00000000000000000000000000000000
00000000000000000000000000000000
00000000000000000000000000000000
00000000000000000000000000000000
00000000000000000000000000000000
00000000000000000000000000000000
00000000000000000000000000000000
00000000000000000000000000000000
00000000000000000000000000000000